0.12292760019083969 0.3346552958015267 0.3438394561068702 0.3396052003816794 0.3092646708015267 0.3233987356870229 0.3227874522900763 0.2974266459923664 0.2992903148854962 0.3085192032442748 0.3058206106870229
0.023111121140339873 0.212027437378648 0.22616368227158842 0.22675734545537973 0.20183059075894616 0.2159334218525519 0.2247581092212021 0.19483323654019777 0.19968388619906374 0.20944505429973256 0.21295589189064443
6.896551e-08 0.06684804 0.02591393 0.037801832 0.02796225 0.02210754 0.026180767 0.04040594 0.03814288 0.031858128 0.033684023
0.19134685 2.022118 2.0557241 2.1449769 2.0117664 2.0931811 2.1163464 2.0605066 2.1186152 2.1530519 2.1464608
0.22959429 2.1701946 2.2215676 2.2533076 2.2778583 2.2450151 2.2692695 2.2903047 2.2848496 2.268838 2.2725089
0.5361551765267175 0.7017384303435115 0.7084625477099237 0.7007395038167938 0.7009035066793893 0.7709625477099237 0.7680104961832062 0.7703512643129771 0.769918893129771 0.7720360209923665 0.7809518129770993
0.4534258980672296 0.6741576622861947 0.6814474377099141 0.6644765115074559 0.6651110338439687 0.6882291827936646 0.6881831721215935 0.6876805706229664 0.6836553314875742 0.6887949044524411 0.701058843953288
0.0006052353 1.7863522e-09 1.7975912e-09 1.8446781e-09 1.8165304e-09 1.7841213e-09 1.7580871e-09 1.8037517e-09 1.8014772e-09 1.7494751e-09 1.7695982e-09
2.160008 2.1727674 2.1676235 2.1663792 2.1676793 2.2946155 2.2921765 2.2949781 2.2931728 2.293633 2.2961206
1.3012514 1.9160198 1.7363236 2.029152 1.9281731 1.9795427 1.9279026 1.9239639 1.9758713 2.0009084 2.0027242
0.5367366412213741 0.6934935591603053 0.7425155057251909 0.7480021469465649 0.8264402433206107 0.8299886688931297 0.8264402433206107 0.8265296994274809 0.8259035066793893 0.8216543416030534 0.8219078005725191
0.42268456506229984 0.6895605933261051 0.7304411164879642 0.7375042652868814 0.7632191356184677 0.7669440011397063 0.7653758633668435 0.7638611921876448 0.764697351595226 0.7606642602382752 0.7623648174144012
1.1910434e-09 1.6641704e-09 1.6792611e-09 1.6630634e-09 1.6739202e-09 1.6784155e-09 1.6809547e-09 1.6806723e-09 1.6826518e-09 1.6795432e-09 1.6809547e-09
2.2382734 2.0336187 2.1700056 2.1697233 2.3003385 2.300356 2.3005369 2.30069 2.3006394 2.3006096 2.3006086
0.93271387 1.5879668 1.8475382 1.8867598 1.8942585 1.9561112 1.866935 1.9484177 1.9623601 1.9040471 1.9163717
0.5767235209923665 0.6985180104961832 0.7463322996183206 0.7489861641221374 0.7501341841603053 0.7490159828244275 0.8286170085877863 0.8277671755725191 0.8295712070610687 0.8290791984732825 0.828110090648855
0.49125811519928225 0.7168803880298534 0.7503749472989363 0.7549275451605364 0.7588363898157551 0.7559595706443399 0.775634541526076 0.775892092184041 0.7799541842685007 0.777881228079069 0.7771753841202601
0.00057647965 1.639613e-09 1.6792611e-09 1.6600266e-09 1.6627868e-09 1.6686134e-09 1.6739202e-09 1.6747613e-09 1.6795432e-09 1.6792611e-09 1.6809547e-09
2.250094 2.035129 2.1689527 2.1708355 2.1698947 2.1702511 2.3003502 2.3005092 2.300566 2.3006437 2.3006103
0.80273396 1.4987905 1.5907662 1.6663848 1.8076701 1.8211633 1.7876616 1.7808903 1.8273891 1.8408517 1.8353556
0.2506411020992366 0.24600429389312978 0.2585728769083969 0.23108003339694658 0.2458253816793893 0.23850489026717558 0.24166567270992367 0.24200858778625955 0.22182132633587787 0.23708850190839695 0.23197459446564886
0.14245070974277887 0.15453404009449417 0.15386399575283477 0.12532066320569282 0.13959496907295743 0.13229498514614543 0.140985740264482 0.14069677483375057 0.1198241649672622 0.12584183132976995 0.12167760168093446
5.0117777e-10 4.3351975e-10 6.9905626e-10 6.551792e-10 6.336734e-10 6.2601724e-10 5.454942e-10 6.6317396e-10 6.9075085e-10 7.1587086e-10 7.429972e-10
1.4321009 1.3044635 1.602205 1.5426025 1.5858366 1.5830961 1.5700556 1.6438553 1.6126747 1.6812124 1.6584954
0.8860214 1.9126668 2.0440848 1.9899318 2.057098 2.0617273 2.068426 2.0651233 2.0592296 2.0559118 2.0543234
0.5445938692748091 0.6473043893129771 0.6665970896946565 0.6594704198473282 0.7268606870229007 0.7369692270992366 0.7354932013358778 0.7423962309160306 0.7466006679389313 0.7369841364503816 0.7412929389312977
0.4462469351126892 0.6309454122808559 0.6352093434376196 0.6269026299903998 0.6457806927702442 0.6607835083825778 0.6516130900516457 0.661204507151285 0.6734166818137177 0.6551715148271365 0.6614364892762695
0.0007766387 1.6479894e-09 1.4876524e-09 1.5451174e-09 1.5566625e-09 2.254283e-09 2.021427e-09 2.007226e-09 2.0929258e-09 2.2104332e-09 2.1362956e-09
2.1679282 2.1544666 2.1673474 2.1982903 2.2920182 2.2925584 2.294134 2.295422 2.29326 2.2920165 2.2944777
1.549794 1.9140031 1.9190812 1.9303201 1.9297372 1.9399098 1.9614267 1.9862047 2.0374699 2.076112 2.082163